;
;ENVI FLAASH PARAMETERS TEMPLATE (4.7)
;Written Wed Jul 20 11:21:59 2022
;
; Project Parameters
enviacc.prj.radiance_file = C:\Users\Makaut PC\Desktop\dumdum_airport_2010\Resize\resize
enviacc.prj.reflect_file = C:\Users\Makaut PC\Desktop\dumdum_airport_2010\Flaash\flaash_001
enviacc.prj.water_band_choice = 1.13
enviacc.prj.water_retrieval = 1
enviacc.prj.user_stem_name = Flaash_
enviacc.prj.modtran_directory = C:\Users\Makaut PC\Desktop\dumdum_airport_2010\Flaash\
;
; MODTRAN Parameters
enviacc.modtran.visvalue = 40.0000
enviacc.modtran.f_resolution = 5.0000
enviacc.modtran.day = 6
enviacc.modtran.month = 1
enviacc.modtran.year = 2010
enviacc.modtran.gmt = 4.3625
enviacc.modtran.latitude = 22.5600
enviacc.modtran.longitude = 88.4600
enviacc.modtran.sensor_altitude = 705.0000
enviacc.modtran.ground_elevation = 0.2430
enviacc.modtran.view_zenith_angle = 180.0000
enviacc.modtran.view_azimuth = 0.0000
enviacc.modtran.atmosphere_model = 1
enviacc.modtran.aerosol_model = 1
enviacc.modtran.multiscatter_model = 2
enviacc.modtran.disort_streams = 8
enviacc.modtran.co2mix = 390.0000
enviacc.modtran.water_column_multiplier = 1.0000
;
; Image Parameters
enviacc.img.nspatial = 256
enviacc.img.nlines = 800
enviacc.img.data_type = 2
enviacc.img.margin1 = 0
enviacc.img.margin2 = 0
enviacc.img.nskip = 0
enviacc.img.pixel_size = 30.0000
enviacc.img.sensor_name = HYPERION
;
; Analysis Parameters
enviacc.ana.aerosol_scaleht = 1.5000
enviacc.ana.use_adjacency = 1
enviacc.ana.output_scale = 10000.0000
enviacc.ana.polishing_res = 9
enviacc.ana.aerosol_retrieval = 1
enviacc.ana.calc_wl_correction = 0
enviacc.ana.reuse_modtran_calcs = 0
enviacc.ana.use_square_slit_function = 0
enviacc.ana.convolution_method = fft
enviacc.ana.use_tiling = 1
enviacc.ana.tile_size = 100.0000
;
; Spectral Parameters
enviacc.spc.wavelength_units = nanometer
enviacc.spc.lambda = [
  477.6900,   487.8700,   498.0400,   508.2200,   518.3900,   528.5700,   538.7400, 
  548.9200,   559.0900,   569.2700,   579.4500,   589.6200,   599.8000,   609.9700, 
  620.1500,   630.3200,   640.5000,   650.6700,   660.8500,   671.0200,   681.2000, 
  691.3700,   701.5500,   711.7200,   721.9000,   732.0700,   742.2500,   752.4300, 
  762.6000,   772.7800,   782.9500,   793.1300,   803.3000,   813.4800,   823.6500, 
  833.8300,   844.0000,   854.1800,   864.3500,   874.5300,   884.7000,   894.8800, 
  922.5400,   932.6400,   942.7300,   952.8200,   962.9100,   972.9900,   983.0800, 
  993.1700,  1003.3000,  1013.3000,  1023.4000,  1033.4900,  1043.5900,  1053.6899, 
 1063.7900,  1073.8900,  1083.9900,  1094.0900,  1104.1899,  1114.1899,  1144.4800, 
 1154.5800,  1164.6801,  1174.7700,  1184.8700,  1194.9700,  1205.0699,  1215.1700, 
 1225.1700,  1235.2700,  1245.3600,  1255.4600,  1265.5601,  1275.6600,  1285.7600, 
 1295.8600,  1316.0500,  1326.0500,  1497.6300,  1507.7300,  1517.8300,  1537.9200, 
 1548.0200,  1558.1200,  1568.2200,  1578.3199,  1588.4200,  1598.5100,  1608.6100, 
 1618.7100,  1638.8101,  1648.9000,  1659.0000,  1669.1000,  1679.2000,  1689.3000, 
 1699.4000,  1709.5000,  1719.6000,  1729.7000,  1739.7000,  1749.7900,  1759.8900, 
 2032.3500,  2042.4500,  2082.7500,  2092.8401,  2123.1399,  2133.2400,  2163.4299, 
 2173.5300,  2284.5200,  2294.6101,  2304.7100] 
enviacc.spc.fwhm = [
 11.387100,  11.378400,  11.353800,  11.313300,  11.258000,  11.190700,  11.111900, 
 11.024500,  10.932100,  10.836800,  10.740700,  10.648200,  10.560700,  10.482300, 
 10.414700,  10.359500,  10.318800,  10.294200,  10.285600,  10.298000,  10.334900, 
 10.390900,  10.459200,  10.532200,  10.600400,  10.656200,  10.693300,  10.705800, 
 10.727600,  10.790700,  10.883300,  10.993800,  11.104400,  11.198000,  11.260000, 
 11.282400,  11.282200,  11.281600,  11.280900,  11.279700,  11.278200,  11.277100, 
 11.045700,  11.045700,  11.045700,  11.045700,  11.045700,  11.045700,  11.045700, 
 11.045700,  11.045700,  11.045700,  11.045100,  11.042300,  11.037200,  11.030200, 
 11.021800,  11.012200,  11.001300,  10.987100,  10.973200,  10.957200,  10.906500, 
 10.888400,  10.869600,  10.851300,  10.833500,  10.815400,  10.797900,  10.782200, 
 10.766300,  10.752000,  10.738500,  10.727000,  10.717400,  10.709100,  10.702200, 
 10.697000,  10.693700,  10.694900,  11.075900,  11.110800,  11.146100,  11.215600, 
 11.249600,  11.282600,  11.314600,  11.346000,  11.375300,  11.403700,  11.430200, 
 11.453800,  11.495800,  11.513300,  11.528600,  11.540400,  11.550500,  11.558000, 
 11.562100,  11.563400,  11.561700,  11.556300,  11.547700,  11.534600,  11.519300, 
 10.901300,  10.895100,  10.842900,  10.824200,  10.759200,  10.734200,  10.657200, 
 10.631200,  10.419700,  10.412900,  10.408800] 
enviacc.img.p_input_scale = [
  400.0000,   400.0000,   400.0000,   400.0000,   400.0000,   400.0000,   400.0000, 
  400.0000,   400.0000,   400.0000,   400.0000,   400.0000,   400.0000,   400.0000, 
  400.0000,   400.0000,   400.0000,   400.0000,   400.0000,   400.0000,   400.0000, 
  400.0000,   400.0000,   400.0000,   400.0000,   400.0000,   400.0000,   400.0000, 
  400.0000,   400.0000,   400.0000,   400.0000,   400.0000,   400.0000,   400.0000, 
  400.0000,   400.0000,   400.0000,   400.0000,   400.0000,   400.0000,   400.0000, 
  400.0000,   400.0000,   400.0000,   400.0000,   400.0000,   400.0000,   400.0000, 
  400.0000,   400.0000,   400.0000,   400.0000,   400.0000,   400.0000,   400.0000, 
  400.0000,   400.0000,   400.0000,   400.0000,   400.0000,   400.0000,   400.0000, 
  400.0000,   400.0000,   400.0000,   400.0000,   400.0000,   400.0000,   400.0000, 
  400.0000,   400.0000,   400.0000,   400.0000,   400.0000,   400.0000,   400.0000, 
  400.0000,   400.0000,   400.0000,   400.0000,   800.0000,   800.0000,   800.0000, 
  800.0000,   800.0000,   800.0000,   800.0000,   800.0000,   800.0000,   800.0000, 
  800.0000,   800.0000,   800.0000,   800.0000,   800.0000,   800.0000,   800.0000, 
  800.0000,   800.0000,   800.0000,   800.0000,   800.0000,   800.0000,   800.0000, 
  800.0000,   800.0000,   800.0000,   800.0000,   800.0000,   800.0000,   800.0000, 
  800.0000,   800.0000,   800.0000,   800.0000] 
